[ X, Y, Z ] = 
[[ 4.46951449e+00, 2.56443868e+01, 4.82221609e+01, 2.75919604e+00,
   6.39779539e+00, 5.82768924e+00, 4.59417363e+01, 1.02990843e+01,
   9.02752721e+00, 2.95875663e+01, 5.21653404e+01, 7.40382644e+00,
   1.87583859e+01, 4.15926138e+00, 2.18268791e+01, 1.19171121e+01,
   4.43151990e+01, 7.97109610e+00, 2.98474193e+01, 4.33063315e+01,
   4.83478327e+01, 1.10814799e+01, 4.48824687e+01, 2.39702859e+01,
   3.95335509e+01, 5.43953649e+01, 1.31411056e+01, 3.44025955e+01,
   3.10266857e+01, 3.60681869e+01, 1.70946907e+01, 1.44202318e+01,
   2.36704385e+01, 2.66075870e+01, 4.00664992e+01, 1.56470618e+01,
   3.05088758e+01, 2.22228096e+01, 4.19947801e+01, 1.20503531e+01,
   2.90165198e+01, 3.96696284e+01, 2.71748566e+01, 2.73062014e+01,
   3.79593099e+01, 4.90930704e+01, 3.37924950e+01, 1.07759595e+01,
   3.05479299e+01, 4.75140967e+01, 3.15120704e+01, 3.84371254e+01,
   2.59423537e+01, 2.74766003e+01, 1.35789267e+01, 3.75596026e+01,
   1.66474199e+01, 2.87900479e+01, 1.55938253e+01, 3.67686975e+01,
   7.27343761e+00, 3.19555645e+01, 2.15651455e+01, 9.07037375e+00,
   4.91844208e+01, 2.40635325e+01, 2.84035828e+01, 6.78994914e+00,
   4.05909379e+01, 4.08089004e+01, 1.28822085e+01, 4.45788445e+01,
   1.45477998e+01, 2.59023593e+01, 1.20046857e+01, 3.78689155e+01,
   1.13451254e+01, 4.09374087e+01, 1.09063640e+01, 1.45449633e+01,
   4.97488540e+01, 4.75550471e+01, 1.82254533e+01, 4.36090311e+01,
   1.28765355e+01, 1.30078802e+01, 1.52435778e+01, 2.38789512e+01,
   5.83813909e+01, 4.16779137e+01, 1.91971629e+01, 4.66850935e+01,
   4.12048309e+01, 2.84892602e+01, 3.98438197e+01, 1.12156768e+01,
   2.82684613e+01, 3.75186680e+01, 2.64267981e+01, 2.83550790e+01,
   4.25154421e+01, 2.72148667e+01, 5.54908658e+01, 5.49207597e+01,
   2.27853622e+01, 1.87946192e+01, 3.01491786e+01, 5.41298546e+01,
   2.26959081e+01, 3.75577221e+01, 3.83905178e+01, 2.38780109e+01,
   1.13832392e+01, 5.85117954e+01, 1.63904190e+01, 4.45798005e+01,
   6.83279568e+00, 2.63839672e+01, 4.05443303e+01, 3.50640677e+01,
   4.86095976e+01, 5.43525497e+01, 1.37997413e+01, 3.11599424e+01,
   2.14709743e+01, 2.86168282e+01, 1.55072232e+01, 4.65024084e+01,
   5.64540660e+01, 4.33444610e+01, 4.06700021e+01, 5.13231106e+01,
   3.67239861e+01, 5.36901529e+01, 2.57634610e+01, 4.98307546e+01,
   4.71562957e+01, 2.76470148e+01, 3.04184971e+01, 2.63411363e+01,
   3.34869903e+01, 5.09338090e+01, 2.86187244e+01, 1.61239527e+01,
   1.21332096e+01, 1.29660053e+01, 2.71263684e+01, 2.27415911e+01,
   4.25135615e+01, 2.51086334e+01, 1.05961265e+01, 3.87855080e+01,
   5.78560275e+01, 1.87927386e+01, 4.13705127e+01, 5.97395814e+01,
   3.53201440e+01, 2.63326269e+01, 5.31191065e+01, 1.26529157e+01,
   4.50510027e+01, 5.85099149e+01, 2.27015967e+01, 1.86242360e+01,
   5.24252248e+01, 4.13333549e+01, 8.49650651e+00, 2.96713788e+01,
   1.02487156e+01, 3.07221369e+01, 3.85694418e+01, 1.49380730e+01,
   1.08607123e+01, 3.76471919e+01, 3.95754728e+01, 4.46169740e+01,
   5.10613770e+01, 3.31282333e+01, 3.53639308e+01, 2.63764137e+01,
   5.74582165e+01, 5.54852085e+01, 2.54541638e+01, 5.61419323e+01,
   2.89166913e+01, 5.50017200e+01, 2.97151656e+01, 3.75624705e+01,
   2.01575423e+01, 4.76454728e+01, 1.20028208e+01, 3.66849477e+01,
   3.83058120e+01, 3.70342549e+01, 8.40611206e+00, 2.54588965e+01,
   4.66337688e+01, 2.78259388e+01, 2.41426124e+01, 1.02449388e+01,
   4.68517313e+01, 4.29476059e+01, 3.39600887e+01, 4.11059427e+01,
   2.86977886e+01, 2.81276824e+01, 5.98243185e+01, 3.57989155e+01,
   3.17215547e+01, 2.69427431e+01, 2.90127744e+01, 2.49354137e+01,
   4.47073841e+01, 3.78242197e+01, 2.74338007e+01, 4.01912620e+01,
   4.53193809e+01, 4.12420201e+01, 1.82254846e+01, 3.24724654e+01,
   1.15602827e+01, 4.11525660e+01, 1.15155556e+01, 4.67194462e+01,
   2.37029107e+01, 4.22452147e+01, 2.97504429e+01, 4.39108061e+01,
   2.37866919e+01, 3.09325458e+01, 2.96609888e+01, 4.28124844e+01,
   5.06597892e+01, 3.74635665e+01, 4.09364997e+01, 3.47547862e+01,
   5.66311095e+01, 3.47966768e+01, 2.30033560e+01, 5.54014430e+01,
   3.52773288e+01, 1.50665970e+01, 4.88675858e+01, 3.46624956e+01,
   2.84807821e+01, 4.12382434e+01, 6.03953806e+01, 2.05440231e+01,
   2.41826224e+01, 4.57515290e+01, 5.43002848e+01, 6.21475896e+01,
   4.12354069e+01, 2.24275769e+01, 4.00951946e+01, 4.30323430e+01,
   4.03578841e+01, 5.73240509e+01, 4.20234755e+01, 2.53199982e+01,
   4.43905178e+01, 3.93042895e+01, 2.26008122e+01, 5.57003501e+01,
   5.07558723e+01, 5.57973735e+01, 4.68098563e+01, 3.90044421e+01,
   5.38662561e+01, 2.45366623e+01, 2.12473702e+01, 1.85729113e+01,
   4.46579400e+01, 5.64065338e+01, 6.07465840e+01, 1.80894228e+01,
   5.12755784e+01, 6.19286869e+01, 5.64484243e+01, 2.82143158e+01,
   3.25543661e+01, 2.28653980e+01, 4.19359175e+01, 1.68150293e+01,
   5.27203708e+01, 1.84806206e+01, 2.84322782e+01, 1.52360556e+01,
   5.25442990e+01, 5.33770947e+01, 2.26445991e+01, 6.38541313e+01,
   4.71506541e+01, 6.34153699e+01, 5.63665394e+01, 2.98427493e+01,
   2.57653885e+01, 5.09281674e+01, 4.75522576e+01, 2.80429767e+01,
   3.03652919e+01, 4.31227531e+01, 1.23902575e+01, 3.46606150e+01,
   1.51513341e+01, 2.93116972e+01, 6.24978528e+01, 5.21074338e+01,
   4.87315240e+01, 5.69728631e+01, 5.99100116e+01, 3.75949270e+01,
   3.49204681e+01, 5.60953404e+01, 3.23773539e+01, 6.19696372e+01,
   4.31618072e+01, 1.59365662e+01, 4.83346532e+01, 1.61992558e+01,
   5.98205574e+01, 3.36908016e+01, 1.97931280e+01, 4.51767058e+01,
   3.46206207e+01, 4.17664746e+01, 4.82108776e+01, 4.64111050e+01,
   1.42757076e+01, 6.07028129e+01, 1.45383971e+01, 3.01016620e+01,
   4.21576724e+01, 3.99638655e+01, 1.97531336e+01, 4.37338096e+01,
   2.91346851e+01, 2.71616771e+01, 5.32467058e+01, 5.27632174e+01,
   5.14916603e+01, 5.65331615e+01, 3.64090473e+01, 2.74215302e+01,
   5.49094607e+01, 3.29884104e+01, 4.64473226e+01, 4.93844710e+01,
   3.12780920e+01, 4.12297496e+01, 1.96161159e+01, 2.39561662e+01,
   6.05629586e+01, 5.64855979e+01, 2.76051712e+01, 5.86003563e+01,
   5.87317011e+01, 2.46651863e+01, 5.42574696e+01, 3.54496396e+01,
   1.94476132e+01, 2.02804089e+01, 4.77683395e+01, 1.96208486e+01,
   5.20189356e+01, 4.37328693e+01, 4.31627632e+01, 3.76825006e+01,
   5.32457656e+01, 4.29419642e+01, 3.11486434e+01, 4.95177120e+01,
   1.88718341e+01, 2.95249426e+01, 2.12388764e+01, 1.82570009e+01,
   5.13565388e+01, 2.13254941e+01, 5.86337375e+01, 5.24520240e+01,
   4.97775651e+01, 6.74451828e+01, 2.54894725e+01, 5.29774030e+01,
   3.81259947e+01, 5.64950633e+01, 4.32988407e+01, 3.86932644e+01,
   1.56767289e+01, 2.77327392e+01, 2.78640840e+01, 3.43084870e+01,
   3.51412827e+01, 3.57532794e+01, 3.02730169e+01, 3.39116162e+01,
   2.35211972e+01, 3.41743057e+01, 4.06187088e+01, 2.75091038e+01,
   4.72810742e+01, 1.93543823e+01, 2.30795993e+01, 4.77617262e+01,
   2.12379361e+01, 3.15836280e+01, 4.78483439e+01, 4.72782378e+01,
   5.51255426e+01, 6.22713965e+01, 2.87330973e+01, 3.79833040e+01,
   6.33668818e+01, 2.35155242e+01, 4.46998619e+01, 1.95789737e+01,
   2.32175730e+01, 4.57953472e+01, 3.04947717e+01, 3.27304693e+01,
   5.95169489e+01, 5.19323336e+01, 2.47070926e+01, 3.44379512e+01,
   6.12244309e+01, 5.36398155e+01, 2.64145745e+01, 4.40821922e+01,
   2.73787150e+01, 4.65358522e+01, 2.14149639e+01, 6.36333637e+01,
   3.89065098e+01, 2.15015816e+01, 6.09141777e+01, 6.25350420e+01,
   3.81156047e+01, 6.13948297e+01, 5.28013469e+01, 5.36341425e+01,
   5.65712910e+01, 2.02271880e+01, 6.17441369e+01, 5.62638744e+01,
   3.60531425e+01, 4.67062511e+01, 3.63158321e+01, 4.25945689e+01,
   5.88592848e+01, 4.42601603e+01, 6.26292289e+01, 1.57633622e+01,
   2.99237253e+01, 5.10985976e+01, 3.64994731e+01, 5.69728945e+01,
   3.02283055e+01, 5.63133342e+01, 3.46997005e+01, 4.04426526e+01,
   5.60059175e+01, 5.68387132e+01, 4.09233046e+01, 3.82488457e+01,
   5.03048560e+01, 4.73229805e+01, 4.81557762e+01, 3.63624554e+01,
   4.42963779e+01, 3.81146644e+01, 5.92895367e+01, 3.52641337e+01,
   3.53954784e+01, 6.70921145e+01, 3.28523643e+01, 3.57895127e+01,
   2.68019956e+01, 4.72754169e+01, 5.30183690e+01, 2.57931280e+01,
   2.50573557e+01, 3.92177188e+01, 2.74243980e+01, 2.47499391e+01,
   2.34783820e+01, 3.90416470e+01, 2.30396206e+01, 2.52753182e+01,
   4.85545432e+01, 5.96883037e+01, 4.78949829e+01, 2.62813492e+01,
   5.30678288e+01, 4.05730571e+01, 5.19276165e+01, 4.37281680e+01,
   5.92914329e+01, 2.29473300e+01, 6.20525095e+01, 5.93780506e+01,
   2.23324967e+01, 3.37736739e+01, 5.14412916e+01, 5.43784400e+01,
   4.99936626e+01, 5.29308111e+01, 4.81519994e+01, 2.23296603e+01,
   4.84146890e+01, 6.04706993e+01, 3.11411056e+01, 2.35564902e+01,
   4.12241079e+01, 2.57578664e+01, 3.99182295e+01, 5.82872981e+01,
   6.27139660e+01, 2.91756668e+01, 5.59621464e+01, 6.42034856e+01,
   4.67985574e+01, 5.53473132e+01, 4.15362573e+01, 3.60559947e+01,
   3.40829867e+01, 2.40866020e+01, 2.70237504e+01, 3.41696044e+01,
   5.78428637e+01, 2.71103681e+01, 2.16301056e+01, 3.08803122e+01,
   4.50406754e+01, 3.11430018e+01, 3.93843409e+01, 2.89939219e+01,
   5.85862052e+01, 5.45954622e+01, 6.59500216e+01, 4.99479953e+01,
   4.60990027e+01, 3.29027800e+01, 6.38979652e+01, 3.95651455e+01,
   6.07400178e+01, 3.14104240e+01, 5.08749779e+01, 4.96034208e+01,
   2.37810816e+01, 2.11932404e+01, 4.02637599e+01, 4.95139666e+01,
   5.35466003e+01, 4.31561813e+01, 5.59136426e+01, 2.76795340e+01,
   5.51674645e+01, 4.54784965e+01, 2.52677646e+01, 4.71440878e+01,
   5.70957454e+01, 5.41138699e+01, 4.51263528e+01, 6.77041269e+01,
   6.51162857e+01, 6.10389249e+01, 7.02891316e+01, 4.39937097e+01,
   3.85134471e+01, 4.28534974e+01, 4.86830671e+01, 2.84723353e+01,
   2.08877200e+01, 3.05319610e+01, 4.53937750e+01, 2.93917487e+01,
   3.94300240e+01, 2.76367031e+01, 5.09159282e+01, 4.65311508e+01,
   2.14102626e+01, 2.50488619e+01, 2.62756919e+01, 6.42853862e+01,
   4.89848108e+01, 4.98176065e+01, 6.53808714e+01, 7.04223726e+01,
   6.74404971e+01, 6.68703909e+01, 4.73611100e+01, 5.17877780e+01,
   4.06959081e+01, 4.01258019e+01, 2.22477910e+01, 4.48255651e+01,
   4.91656153e+01, 5.28042147e+01, 2.48775228e+01, 4.53509441e+01,
   3.35576233e+01, 5.61353974e+01, 6.46841532e+01, 3.96498826e+01,
   4.67957366e+01, 2.09733974e+01, 3.59218291e+01, 5.56937996e+01,
   4.67062824e+01, 6.33650326e+01, 3.68412425e+01, 4.46885473e+01,
   6.34516502e+01, 4.53452712e+01, 3.49548522e+01, 3.40773294e+01,
   6.85797691e+01, 2.94298625e+01, 5.55148912e+01, 2.75881993e+01,
   5.71804826e+01, 5.59955432e+01, 3.36804586e+01, 7.09887020e+01,
   2.71570071e+01, 4.83318794e+01, 5.47762824e+01, 5.84148818e+01,
   3.25925426e+01, 2.07992218e+01, 2.93479775e+01, 6.03431627e+01,
   4.43411363e+01, 3.05300804e+01, 4.67947963e+01, 5.81493557e+01,
   5.55615145e+01, 4.51710955e+01, 6.42416151e+01, 5.63495831e+01,
   3.19301458e+01, 2.43455304e+01, 4.73173389e+01, 2.85095089e+01,
   5.10872830e+01, 4.03894474e+01, 6.29672215e+01, 5.95913117e+01,
   2.81573652e+01, 6.54656086e+01, 3.68374657e+01, 3.91597809e+01,
   3.57838711e+01, 2.74978048e+01, 2.22459104e+01, 2.86903134e+01,
   5.89840476e+01, 2.40428465e+01, 4.24119152e+01, 6.70940420e+01,
   4.12717029e+01, 3.57914403e+01, 4.43401961e+01, 4.10509039e+01,
   2.08401721e+01, 3.21947315e+01, 6.60823380e+01, 5.07817626e+01,
   6.63450275e+01, 3.74094681e+01, 4.31524202e+01, 5.02982741e+01,
   6.83599261e+01, 4.88506452e+01, 3.35500698e+01, 5.79247800e+01,
   6.01604776e+01, 7.22164879e+01, 4.49912469e+01, 5.84501591e+01,
   4.52539364e+01, 3.91588406e+01, 3.85887345e+01, 2.60939627e+01,
   2.50507738e+01, 5.25387043e+01, 4.49540890e+01, 4.80644728e+01,
   4.60914648e+01, 3.57010458e+01, 5.13509285e+01, 3.18416475e+01,
   5.93295781e+01, 4.16172333e+01, 5.64790473e+01, 2.43436499e+01,
   4.31067528e+01, 5.30584104e+01, 2.79375222e+01, 4.91990121e+01,
   5.63448661e+01, 5.64762108e+01, 5.03811150e+01, 5.75269690e+01,
   6.95829793e+01, 3.41686955e+01, 2.23753746e+01, 3.51328359e+01,
   5.43765908e+01, 5.94180920e+01, 2.72826946e+01, 5.20514391e+01,
   5.35856857e+01, 6.56416961e+01, 4.65264495e+01, 4.80606961e+01,
   2.64470624e+01, 6.34478892e+01, 6.49821358e+01, 6.93221860e+01,
   3.65719554e+01, 6.82685914e+01, 4.66549577e+01, 4.61714693e+01,
   5.61231269e+01, 4.15240024e+01, 5.73156355e+01, 3.99107073e+01,
   5.26681686e+01, 6.84046689e+01, 4.18808788e+01, 4.62209291e+01,
   7.09896736e+01, 6.20021564e+01, 4.31943264e+01, 3.24964908e+01,
   3.89408939e+01, 7.27418827e+01, 2.55685993e+01, 5.44594317e+01,
   2.79356416e+01, 4.07797206e+01, 7.52821603e+01, 5.01612720e+01,
   6.79155074e+01, 5.96294412e+01, 5.90593350e+01, 6.36277534e+01,
   3.57010615e+01, 3.58324063e+01, 4.07397262e+01, 3.52594636e+01,
   6.13444923e+01, 3.41192513e+01, 3.91607525e+01, 3.43819409e+01,
   3.45999033e+01, 5.78791284e+01, 7.41438442e+01, 7.39677724e+01,
   5.93686479e+01, 7.21261091e+01, 6.53295624e+01, 3.03883613e+01,
   5.92791937e+01, 4.68710396e+01, 5.61212463e+01, 4.43279255e+01,
   4.88963439e+01, 3.42972194e+01, 4.77561316e+01, 4.56489424e+01,
   3.24527197e+01, 3.46884172e+01, 5.23560349e+01, 2.58322448e+01,
   4.70071171e+01, 5.35381378e+01, 3.26259551e+01, 4.74877691e+01,
   4.31029917e+01, 3.41154746e+01, 5.03801904e+01, 6.32242694e+01,
   6.26541632e+01, 5.78753516e+01, 7.07194305e+01, 6.94478735e+01,
   6.81763164e+01, 4.53881490e+01, 2.51774172e+01, 5.40682496e+01,
   2.95146310e+01, 4.64807978e+01, 5.50295535e+01, 3.55202726e+01,
   2.79356573e+01, 4.70061768e+01, 7.10734705e+01, 6.69961097e+01,
   4.46810251e+01, 4.09976987e+01, 6.07696692e+01, 6.09010139e+01,
   6.46262310e+01, 5.42358120e+01, 7.54106842e+01, 5.87938247e+01,
   3.50758383e+01, 3.38042812e+01],
 [-1.29408088e+00,-2.25687632e+01,-4.52669906e+01, 1.07671964e+00,
  -2.40364883e+00,-1.61338199e+00,-4.21059232e+01,-5.72702872e+00,
  -4.22498932e+00,-2.36051608e+01,-4.63033882e+01,-6.71450501e-01,
  -1.19813171e+01, 3.04440084e+00,-1.46714187e+01,-2.49811494e+00,
  -3.51611581e+01, 1.92950896e+00,-2.00569459e+01,-3.35021301e+01,
  -3.84060437e+01, 1.52638963e+00,-3.25601986e+01,-1.11285277e+01,
  -2.67090296e+01,-4.15777589e+01, 4.95315976e-01,-1.95966280e+01,
  -1.59592710e+01,-2.08631845e+01,-1.26962039e+01,-9.77061940e+00,
  -1.89451683e+01,-2.17137642e+01,-3.51589484e+01,-1.01684148e+01,
  -2.50371441e+01,-1.64173792e+01,-3.62685164e+01,-4.40106402e+00,
  -2.14051110e+01,-3.20032050e+01,-1.91128048e+01,-1.90343105e+01,
  -2.96324045e+01,-3.88122773e+01,-2.30747868e+01, 4.92201674e-01,
  -1.93589355e+01,-3.63629825e+01,-1.99137195e+01,-2.48229570e+01,
  -1.19325568e+01,-1.32776076e+01, 1.03633777e+00,-2.30854347e+01,
  -1.65376386e+00,-1.24926647e+01, 1.10950812e+00,-2.01651742e+01,
  -1.32160525e+00,-2.61551503e+01,-1.54000677e+01,-2.50966748e+00,
  -4.30022087e+01,-1.72999025e+01,-2.14920435e+01, 6.51399893e-01,
  -3.34351883e+01,-3.21739558e+01,-3.62455936e+00,-3.55758299e+01,
  -4.89111589e+00,-1.62009824e+01,-1.88703710e+00,-2.60141335e+01,
   1.11171776e+00,-2.87042352e+01, 1.98047889e+00,-1.49988958e+00,
  -3.70100229e+01,-3.26662173e+01,-2.69327576e+00,-2.82385934e+01,
   3.15789325e+00, 3.23638754e+00, 1.17956417e+00,-6.10047388e+00,
  -4.08988347e+01,-2.37377991e+01,-1.20119557e+01,-3.96925910e+01,
  -3.39199163e+01,-1.88995223e+01,-3.02093889e+01,-9.48219913e-01,
  -1.67695286e+01,-2.59440775e+01,-1.44772223e+01,-1.55867903e+01,
  -2.97437471e+01,-1.40062566e+01,-4.12159261e+01,-4.04256593e+01,
  -7.60562757e+00,-2.07375967e+00,-1.33836262e+01,-3.75053987e+01,
  -5.39713957e+00,-2.02658689e+01,-2.08991471e+01,-4.69069095e+00,
   8.19970928e+00,-3.94105574e+01,-7.75508258e+00,-3.61474904e+01,
   2.36672174e+00,-1.53544217e+01,-2.95113785e+01,-2.37387038e+01,
  -3.60011497e+01,-4.16168358e+01,-2.55533479e-01,-1.70240976e+01,
  -6.98078755e+00,-1.40200188e+01, 7.64892295e-01,-3.04746057e+01,
  -4.03609272e+01,-2.55760161e+01,-2.26504316e+01,-3.32485256e+01,
  -1.82228077e+01,-3.52268547e+01,-6.67745827e+00,-2.96164925e+01,
  -2.66909080e+01,-6.68278221e+00,-2.05807507e+01,-1.62316211e+01,
  -2.32708523e+01,-3.88566781e+01,-1.60014622e+01,-3.11106193e+00,
   2.42080597e+00, 1.78752771e+00,-1.23694291e+01,-7.07304402e+00,
  -2.69241812e+01,-9.05137310e+00, 7.15708309e+00,-2.12353247e+01,
  -4.03746893e+01, 7.45806176e-01,-2.19524212e+01,-4.03800133e+01,
  -1.53894797e+01,-6.05794219e+00,-3.30268049e+01, 9.51723574e+00,
  -2.31458074e+01,-3.65909916e+01,-1.13414697e+01,-6.99234010e+00,
  -4.10789283e+01,-2.96120732e+01, 3.91973106e+00,-1.73549512e+01,
   3.83591283e+00,-1.67269969e+01,-2.44780007e+01, 9.83498684e-01,
   5.33262829e+00,-2.16362344e+01,-2.27458024e+01,-2.76497159e+01,
  -3.39771746e+01,-1.30271174e+01,-1.50839407e+01,-5.75240327e+00,
  -3.58091630e+01,-3.35953510e+01,-2.91063700e+00,-3.32028796e+01,
  -5.36525575e+00,-3.16223459e+01,-1.70494123e+01,-2.48004161e+01,
  -6.92760799e+00,-3.46082432e+01, 1.77065123e+00,-2.30628938e+01,
  -2.32252063e+01,-2.17231669e+01, 7.53800200e+00,-8.28330668e+00,
  -2.95579890e+01,-1.02616358e+01,-5.67702328e+00, 8.63692206e+00,
  -2.82967564e+01,-2.15821502e+01,-1.22506127e+01,-1.92898439e+01,
  -5.21670541e+00,-4.42643857e+00,-3.63777091e+01,-1.11516926e+01,
  -6.80256304e+00,-1.74166088e+00,-1.49278568e+01,-1.05787272e+01,
  -3.04298644e+01,-2.32336446e+01,-1.24785620e+01,-2.52119737e+01,
  -2.89331489e+01,-2.45840193e+01,-1.01703081e+00,-1.39912493e+01,
   7.44042159e+00,-2.23755313e+01, 8.54466559e+00,-2.69654677e+01,
  -3.39847922e+00,-1.94605947e+01,-6.57019447e+00,-2.07271512e+01,
   1.17548538e+00,-5.86374586e+00,-4.36170646e+00,-1.68596352e+01,
  -2.46106390e+01,-1.10084662e+01,-2.56182073e+01,-1.91337600e+01,
  -4.11202149e+01,-1.68467777e+01,-4.66815005e+00,-3.73311932e+01,
  -1.54285566e+01, 5.29134175e+00,-2.87952465e+01,-1.35340457e+01,
  -7.04959845e+00,-1.97830101e+01,-3.77396364e+01, 2.90989334e+00,
  -5.70475130e-01,-2.16096745e+01,-3.00724509e+01,-3.78234547e+01,
  -1.63917838e+01, 2.90456940e+00,-1.48112501e+01,-1.75798460e+01,
  -1.46542615e+01,-3.16583085e+01,-1.59208181e+01, 1.24021749e+00,
  -1.78991471e+01,-1.18909896e+01, 5.27004599e+00,-2.81047697e+01,
  -3.41732401e+01,-3.90771537e+01,-2.97456162e+01,-1.97076301e+01,
  -3.45763594e+01,-4.60341794e+00, 2.16677411e-01, 3.14226191e+00,
  -2.31148282e+01,-3.41892119e+01,-3.83813529e+01, 5.11526705e+00,
  -2.70768103e+01,-3.76749043e+01,-3.19022296e+01,-2.40557781e+00,
  -6.59771883e+00, 3.44559119e+00,-1.56937734e+01, 1.00085327e+01,
  -2.62133731e+01, 8.74197622e+00,-1.14434522e+00, 1.24578276e+01,
  -2.51876234e+01,-2.58209017e+01, 5.57558491e+00,-3.53932460e+01,
  -1.82322104e+01,-3.45244848e+01,-3.84576376e+01,-1.13317863e+01,
  -6.98265671e+00,-3.03979806e+01,-2.67606235e+01,-6.75249777e+00,
  -7.62658285e+00,-2.03599945e+01, 1.10364921e+01,-1.07144799e+01,
   9.29364589e+00,-4.86331087e+00,-3.70553882e+01,-2.63003057e+01,
  -2.26629486e+01,-3.01784695e+01,-3.29470655e+01,-1.00918495e+01,
  -7.16626498e+00,-2.84409473e+01,-4.16218619e+00,-3.39781391e+01,
  -1.46817859e+01, 1.31558379e+01,-1.95072052e+01, 1.33128265e+01,
  -3.07385774e+01,-3.37724329e+00, 1.09367021e+01,-1.46086155e+01,
  -1.49829055e+01,-2.20221368e+01,-2.83495955e+01,-2.37703069e+01,
   9.04972478e+00,-3.78487694e+01, 9.20671336e+00,-6.37378850e+00,
  -1.83954276e+01,-1.40516219e+01, 6.66827637e+00,-1.74534961e+01,
  -2.42777823e+00,-2.13966279e-01,-2.64710564e+01,-2.44980513e+01,
  -2.29960119e+01,-2.78999255e+01,-5.99728887e+00, 3.33424860e+00,
  -2.43463867e+01,-1.25568781e+00,-1.47008720e+01,-1.74694679e+01,
   1.11511272e+00,-8.77120873e+00, 1.33722347e+01, 9.18009367e+00,
  -2.77535848e+01,-2.34044552e+01,-6.45539709e+00,-3.76948951e+01,
  -3.76164008e+01,-2.95574872e-01,-3.01115278e+01,-1.08151746e+01,
   5.63408842e+00, 5.00081016e+00,-2.26798251e+01, 7.99956501e+00,
  -2.46634781e+01,-1.60437132e+01,-1.52534464e+01,-9.48077164e+00,
  -2.50612735e+01,-1.31234526e+01,-9.44824951e-01,-1.93724170e+01,
   1.32068079e+01, 2.60871387e+00, 1.12284788e+01, 1.51013187e+01,
  -1.82734970e+01, 1.24112171e+01,-2.52342339e+01,-1.87497866e+01,
  -1.58242021e+01,-3.35400217e+01, 9.24482578e+00,-1.84358095e+01,
  -1.57222025e+01,-3.41497945e+01,-2.05476217e+01,-1.31212430e+01,
   1.04457455e+01,-1.57589358e+00,-1.49739929e+00,-7.82485797e+00,
  -8.45813623e+00,-6.96142077e+00,-1.18874606e+00,-4.66911454e+00,
   6.08596804e+00,-4.51212595e+00,-1.08395846e+01, 3.94532645e+00,
  -1.59058107e+01, 1.26435857e+01, 1.03459555e+01,-1.44875896e+01,
   1.26382617e+01, 2.98742314e+00,-1.33048513e+01,-1.25145844e+01,
  -2.02655882e+01,-2.73048195e+01, 6.93875736e+00,-2.23579153e+00,
  -2.77811091e+01, 1.28684206e+01,-1.91516010e+01, 6.55070518e+00,
   3.07033671e+00,-1.96278907e+01,-3.89040024e+00,-5.94722360e+00,
  -3.29160863e+01,-2.50080939e+01, 2.82952990e+00,-4.92679783e+00,
  -3.18956605e+01,-2.39876682e+01, 3.84995567e+00,-1.38658638e+01,
   3.29517170e+00,-1.46614546e+01, 1.10408515e+01,-3.15870073e+01,
  -5.64921826e+00, 1.22235898e+01,-2.75571788e+01,-2.77194913e+01,
  -2.72895770e+00,-2.61389576e+01,-1.65719373e+01,-1.72052156e+01,
  -1.99738115e+01, 1.71168555e+01,-2.47992308e+01,-1.90265561e+01,
   1.69334226e+00,-8.90475174e+00, 1.85033084e+00,-1.56065004e+01,
  -3.18987748e+01,-1.68730569e+01,-3.53006490e+01, 1.24666063e+01,
  -1.69035047e+00,-2.29650328e+01,-7.93931486e+00,-2.85022246e+01,
   7.53620412e-01,-2.55034697e+01,-3.36002632e+00,-8.97571245e+00,
  -2.45562143e+01,-2.51894926e+01,-7.55749129e+00,-4.63190679e+00,
  -1.66535459e+01,-1.27807060e+01,-1.34139842e+01,-1.23535654e+00,
  -7.80362204e+00,-1.31917477e+00,-2.25938571e+01, 2.63215944e+00,
   2.71065373e+00,-2.92406168e+01, 5.71473252e+00, 2.94613660e+00,
   1.22776741e+01,-8.28523566e+00,-1.39009218e+01, 1.39367021e+01,
   3.59759632e+00,-1.05593604e+01, 1.61926724e+00, 4.54485174e+00,
   6.04689114e+00,-9.53361073e+00, 6.91565227e+00, 4.85882891e+00,
  -1.85511710e+01,-2.77310439e+01,-1.55524162e+01, 6.59102723e+00,
  -2.03778355e+01,-7.48743524e+00,-1.87973018e+01,-8.99479857e+00,
  -2.45753004e+01, 1.25153666e+01,-2.63181466e+01,-2.33925621e+01,
   1.44098774e+01, 4.28274918e+00,-1.34330703e+01,-1.62016663e+01,
  -1.09052812e+01,-1.36738772e+01,-8.61297500e+00, 1.78011037e+01,
  -8.45598642e+00,-2.04776255e+01, 9.49531598e+00, 1.74033083e+01,
  -3.12511178e-01, 4.29560669e+00,-9.86135007e+00,-2.82889421e+01,
  -3.12983449e+01, 2.94523194e+00,-2.40236308e+01,-3.15391517e+01,
  -1.36663436e+01,-2.21291199e+01,-6.63243628e+00,-8.59761573e-01,
   1.35405037e+00, 1.23446158e+01, 9.57601990e+00, 2.53678867e+00,
  -2.06377284e+01, 1.07587582e+01, 1.65314329e+01, 7.35688402e+00,
  -6.80007274e+00, 7.51387260e+00,-1.64831850e-03, 1.07534343e+01,
  -1.90625187e+01,-1.35306508e+01,-2.48405173e+01,-8.39125431e+00,
  -1.49360144e+01,-1.33384162e+00,-3.25733396e+01,-6.40006771e+00,
  -2.76747500e+01, 2.29819150e+00,-1.66056903e+01,-1.51036509e+01,
   1.13104279e+01, 1.54187507e+01,-3.72061396e+00,-1.28951629e+01,
  -1.61400485e+01,-5.38496588e+00,-1.81183775e+01, 1.13782743e+01,
  -1.63023610e+01,-6.25905095e+00, 1.44608474e+01,-7.52560748e+00,
  -1.74119289e+01,-1.35390890e+01,-4.20755152e+00,-2.69057789e+01,
  -2.27974561e+01,-1.84483265e+01,-2.76228754e+01,-1.13909138e+01,
  -5.61823911e+00,-9.81038014e+00,-1.42433280e+01, 6.47657034e+00,
   1.43845627e+01, 5.44549669e+00,-9.42323262e+00, 7.02603037e+00,
  -1.67755278e+00, 1.05010749e+01,-1.29089250e+01,-7.61254001e+00,
   1.80897662e+01, 1.46093977e+01, 1.42116023e+01,-2.41456212e+01,
  -8.40813079e+00,-9.04140905e+00,-2.46219109e+01,-2.95258245e+01,
  -2.56529846e+01,-2.48627177e+01,-4.85459197e+00,-7.86399470e+00,
   3.60286043e+00, 4.39312728e+00, 1.20838182e+01,-1.06144092e+01,
  -1.48065502e+01,-1.82869187e+01, 1.02624777e+01,-1.03004320e+01,
   1.87819568e+00,-2.08200317e+01,-2.92828080e+01,-2.39776357e+00,
  -9.43699480e+00, 1.69770839e+01, 3.29109291e+00,-1.65600443e+01,
  -7.22850680e+00,-2.32852983e+01, 3.84055294e+00,-3.91045084e+00,
  -2.21025600e+01,-3.51797939e+00, 7.23710319e+00, 8.97462545e+00,
  -2.58237353e+01, 1.41140219e+01,-1.21430683e+01, 1.64063281e+01,
  -1.34096248e+01,-1.07248471e+01, 1.21303689e+01,-2.55150821e+01,
   8.51119329e+00,-1.27634890e+01,-1.90909477e+01,-2.25713162e+01,
   3.84276258e+00, 1.60213903e+01, 7.55861392e+00,-2.36808841e+01,
  -7.23162110e+00, 8.26506254e+00,-8.02721188e+00,-1.93370784e+01,
  -1.52287556e+01,-4.47367306e+00,-2.36130377e+01,-1.47577899e+01,
   1.02327437e+01, 1.81407361e+01,-4.32200842e+00, 1.49743448e+01,
  -7.72388260e+00, 3.97845540e+00,-1.87197720e+01,-1.50824149e+01,
   1.70258442e+01,-2.06196068e+01, 8.64156217e+00, 7.76747710e+00,
   1.14048342e+01, 2.00245991e+01, 1.49033841e+01, 8.57592540e+00,
  -2.19518001e+01, 1.37153218e+01,-4.71227023e+00,-2.95458153e+01,
  -3.13173654e+00, 2.64093817e+00,-5.82183817e+00,-1.00174283e+00,
   1.97181555e+01, 8.40828894e+00,-2.44955610e+01,-8.75807055e+00,
  -2.43385724e+01, 5.86985195e+00, 2.54165820e-01,-6.78506541e+00,
  -2.42654021e+01,-4.25727631e+00, 1.14802141e+01,-1.24060755e+01,
  -1.44628989e+01,-2.64845380e+01, 1.35308589e+00,-1.20920983e+01,
   1.51007447e+00, 9.17726002e+00, 9.96752687e+00, 2.28579271e+01,
   1.34660768e+01,-1.42145585e+01,-6.30656610e+00,-6.70968543e+00,
  -4.49587348e+00, 6.25920910e+00,-8.13855447e+00, 1.18695713e+01,
  -1.58110640e+01, 3.00899956e+00,-1.18597298e+01, 2.09603020e+01,
   2.76819275e+00,-7.11812870e+00, 1.85841775e+01,-1.50776650e+00,
  -8.54699774e+00,-8.46850345e+00,-8.01317891e-01,-7.84054913e+00,
  -1.98621882e+01, 5.62281654e+00, 1.78014442e+01, 5.06803256e+00,
  -1.17058555e+01,-1.66097691e+01, 1.62102627e+01,-7.44054410e+00,
  -8.78559491e+00,-2.08072340e+01,-5.63625383e-01,-1.90867620e+00,
   2.02347672e+01,-1.64634283e+01,-1.78084792e+01,-2.20006202e+01,
   1.27139224e+01,-1.92373482e+01, 2.90609521e+00, 4.87910035e+00,
  -5.00722110e+00, 1.00184968e+01,-1.64558948e+01, 1.41691333e+00,
  -1.13164983e+01,-2.45315236e+01, 2.59432769e+00,-1.59781334e+00,
  -2.52486201e+01,-1.59170826e+01, 3.37927059e+00, 1.50816086e+01,
   8.75414991e+00,-2.53324383e+01, 2.33820724e+01,-5.72210795e+00,
   2.14037433e+01, 9.85306998e+00,-2.49452908e+01, 7.57015373e-01,
  -1.57760659e+01,-7.15630093e+00,-6.36603409e+00,-2.14520648e+01,
   7.09733157e+00, 7.17582586e+00, 5.58464430e+00, 1.13573190e+01,
  -1.48997711e+01, 1.29378527e+01, 8.03393912e+00, 1.30948413e+01,
   1.43560739e+01,-9.05392608e+00,-2.53462005e+01,-2.43204508e+01,
  -9.29473289e+00,-2.20281445e+01,-1.36491864e+01, 2.20179355e+01,
  -7.08624488e+00, 6.98689365e+00,-2.18765525e+00, 9.99097244e+00,
  -5.09505829e+00, 9.93065960e+00,-3.51452461e+00, 2.01201935e+00,
   1.56141921e+01, 1.35573688e+01,-4.15845075e+00, 2.29674005e+01,
   1.69271825e+00,-3.45200213e+00, 1.79796687e+01, 3.11093942e+00,
   8.40732445e+00, 1.77388619e+01, 1.44658750e+00,-1.01040859e+01,
  -9.31381901e+00,-4.25291685e+00,-1.58035902e+01,-1.43015508e+01,
  -1.27995114e+01,-1.26412605e-01, 2.05934857e+01,-8.51069465e+00,
   1.97925710e+01, 2.78852402e+00,-5.67425232e+00, 1.43338734e+01,
   2.22418658e+01, 3.10250118e+00,-1.98365330e+01,-1.54874034e+01,
   7.36781255e+00, 1.19524250e+01,-7.89871215e+00,-7.82021786e+00,
  -1.01178480e+01, 6.37234542e-01,-2.06374477e+01,-2.29367390e+00,
   2.19850872e+01, 2.34871266e+01],
 [ 1.53257785e+00, 1.41998442e+00, 1.23400314e+00, 4.60733242e+00,
   5.41208707e+00, 6.43700526e+00, 5.33367589e+00, 8.19329025e+00,
   9.25490236e+00, 1.51450424e+01, 1.49590611e+01, 1.82956964e+01,
   1.86968179e+01, 2.04556146e+01, 2.05264908e+01, 3.09958362e+01,
   3.02961400e+01, 3.31924483e+01, 3.30431609e+01, 3.33342006e+01,
   3.40655674e+01, 4.59659759e+01, 4.51928918e+01, 4.72819338e+01,
   4.74628917e+01, 4.76805436e+01, 5.08337094e+01, 5.66871554e+01,
   5.78588493e+01, 5.85902161e+01, 7.60233666e-01, 1.89523362e+00,
   2.40643689e+00, 3.24788546e+00, 3.53892518e+00, 5.81143676e+00,
   6.02908864e+00, 7.45763998e+00, 7.41843440e+00, 1.59505369e+01,
   1.60581070e+01, 1.64959224e+01, 1.81446373e+01, 1.91328616e+01,
   1.95706770e+01, 2.89392047e+01, 3.07346953e+01, 3.29338190e+01,
   3.28946134e+01, 3.30021835e+01, 3.48343680e+01, 4.44230593e+01,
   4.60717742e+01, 4.69866106e+01, 4.87087133e+01, 4.84493442e+01,
   5.05383862e+01, 5.68688533e+01, 5.85542621e+01, 5.84416686e+01,
   1.16209502e+00, 8.66031973e-01, 2.40466509e+00, 4.05337997e+00,
   2.95005061e+00, 5.25925611e+00, 6.02731684e+00, 8.15305273e+00,
   7.37996867e+00, 1.43342325e+01, 1.67902137e+01, 1.61272114e+01,
   1.86932743e+01, 1.90943958e+01, 2.08164986e+01, 2.94144539e+01,
   3.17970473e+01, 3.12441267e+01, 3.38101897e+01, 3.46149444e+01,
   3.37684725e+01, 4.38341847e+01, 4.63635538e+01, 4.60307968e+01,
   4.86335537e+01, 4.96217780e+01, 5.04999204e+01, 5.70138571e+01,
   5.62040792e+01, 5.80729576e+01, 4.26444760e-01,-1.63939850e-02,
   1.26538167e+00, 1.18815028e+01, 1.22826243e+01, 1.47752994e+01,
   2.08489090e+01, 2.13601123e+01, 2.29354393e+01, 2.68149485e+01,
   2.70692943e+01, 2.88647849e+01, 3.43512918e+01, 3.53762100e+01,
   3.80523547e+01, 4.52267820e+01, 4.56279035e+01, 4.53685344e+01,
   4.80079852e+01, 4.82256371e+01, 4.91771674e+01, 5.69020036e+01,
   5.85507185e+01, 5.70804499e+01, 4.61366885e-01,-1.81657833e-02,
   2.95153034e+00, 1.18797310e+01, 1.21340768e+01, 1.34158524e+01,
   1.96729317e+01, 2.03676046e+01, 2.34840764e+01, 2.65563193e+01,
   2.80582585e+01, 2.86795435e+01, 3.63309918e+01, 3.57046835e+01,
   3.61791928e+01, 4.38306411e+01, 4.49656411e+01, 4.54034565e+01,
   4.71622532e+01, 4.72698233e+01, 4.97258045e+01, 5.54324748e+01,
   5.65674748e+01, 5.85831289e+01,-3.84365150e-01, 8.24022655e-01,
   1.44530769e+00, 1.04835901e+01, 1.26460199e+01, 1.42947348e+01,
   2.14691621e+01, 2.24206925e+01, 2.26750383e+01, 2.68847928e+01,
   2.68455872e+01, 2.87511595e+01, 3.64759957e+01, 3.59964631e+01,
   3.59939514e+01, 4.50030749e+01, 4.48170936e+01, 4.48512759e+01,
   4.71237874e+01, 4.85890327e+01, 4.81828879e+01, 5.72653992e+01,
   5.65657030e+01, 5.68567427e+01,-9.25855619e-02, 1.11580224e+00,
   3.42718189e-01, 1.91804523e+00, 4.63088389e+00, 4.51829046e+00,
   1.24999841e+01, 1.24240846e+01, 1.30086757e+01, 2.12105329e+01,
   2.24189207e+01, 2.20127758e+01, 2.58922851e+01, 2.66236519e+01,
   2.72816308e+01, 4.11559761e+01, 4.20341186e+01, 4.34993639e+01,
   4.88390950e+01, 4.99374011e+01, 5.25034640e+01, 5.48785224e+01,
   5.72978097e+01, 5.69283588e+01,-5.71378363e-01, 1.32127453e-02,
   1.91878509e+00, 1.47594635e+00, 4.33556070e+00, 4.03949765e+00,
   1.09203736e+01, 1.19819857e+01, 1.44746608e+01, 2.05482704e+01,
   2.04356770e+01, 2.24146372e+01, 2.65876978e+01, 2.83098005e+01,
   2.73899408e+01, 4.05304076e+01, 4.19956529e+01, 4.26169379e+01,
   5.02316923e+01, 5.12566105e+01, 5.05936082e+01, 5.58307926e+01,
   5.70391804e+01, 5.82842621e+01,-6.46538008e-01, 5.61849797e-01,
   5.22644209e-01, 1.87780771e+00, 3.41644082e+00, 3.74417447e+00,
   1.04415808e+01, 1.16499686e+01, 1.38490923e+01, 2.00694776e+01,
   2.21585196e+01, 2.16055991e+01, 2.71363349e+01, 2.62898630e+01,
   2.84889867e+01, 4.04552480e+01, 4.21039629e+01, 4.23583087e+01,
   5.03766962e+01, 5.09979813e+01, 5.20595934e+01, 5.53519998e+01,
   5.59365909e+01, 5.76219997e+01,-1.38218827e+00,-6.37186979e-02,
  -2.13006056e-01, 1.08801361e+01, 1.24921570e+01, 1.17924608e+01,
   1.98108484e+01, 2.18631964e+01, 2.10901124e+01, 2.58135818e+01,
   2.71320514e+01, 2.74597850e+01, 3.34233129e+01, 3.65030908e+01,
   3.73078454e+01, 4.01599248e+01, 4.07078220e+01, 4.12924131e+01,
   4.33814551e+01, 4.53604153e+01, 4.54312914e+01, 4.62727400e+01,
   4.74077400e+01, 4.75153101e+01, 4.93108006e+01, 5.11796791e+01,
   5.11771674e+01, 5.54236159e+01, 5.72924943e+01, 5.65561042e+01,
  -2.00775677e+00,-1.27638997e+00, 1.88855303e-01, 1.05481190e+01,
   1.07657708e+01, 1.32951399e+01, 2.04328733e+01, 2.15678732e+01,
   2.11984223e+01, 2.45642166e+01, 2.53322774e+01, 2.85588309e+01,
   3.37884803e+01, 3.42262957e+01, 3.55080714e+01, 4.09654193e+01,
   4.17334800e+01, 4.32354192e+01, 4.32329076e+01, 4.55421131e+01,
   4.46589472e+01, 4.74451738e+01, 4.79196831e+01, 4.96050919e+01,
   4.86485382e+01, 4.96000686e+01, 5.22028255e+01, 5.40274750e+01,
   5.58963534e+01, 5.60406174e+01,-2.41316172e+00,-3.05683711e-02,
   1.17781943e+00, 9.81246870e+00, 1.09841626e+01, 1.29998167e+01,
   1.98439987e+01, 2.01717324e+01, 2.27744892e+01, 2.55898747e+01,
   2.76055288e+01, 2.78598746e+01, 3.30895240e+01, 3.46281571e+01,
   3.57998510e+01, 3.93491149e+01, 4.01905635e+01, 4.23529933e+01,
   4.34879932e+01, 4.33753998e+01, 4.56112175e+01, 4.50582969e+01,
   4.70372571e+01, 4.94565444e+01, 4.87568482e+01, 5.14329929e+01,
   5.01461940e+01, 5.54934601e+01, 5.72155628e+01, 5.68828059e+01,
  -1.38750367e+00,-7.66218636e-01,-1.08239681e-01, 1.29221454e+01,
   1.55982901e+01, 1.41647155e+01, 1.75747387e+01, 1.77556966e+01,
   1.81201242e+01, 2.81858364e+01, 3.02381845e+01, 2.99788154e+01,
   3.17376120e+01, 3.28359181e+01, 3.24664672e+01, 3.94574249e+01,
   4.05190370e+01, 4.12504038e+01, 4.92687913e+01, 5.07340366e+01,
   5.02911979e+01, 5.54183005e+01, 5.57093402e+01, 5.65507888e+01,
   5.84930550e+01, 5.89675644e+01, 6.10933003e+01, 6.18613610e+01,
   6.09415012e+01, 6.21498890e+01,-1.13241800e+00,-1.75872636e+00,
  -7.70502099e-01, 1.39478034e+01, 1.33948829e+01, 1.53738431e+01,
   1.72060276e+01, 1.81575580e+01, 1.77147192e+01, 2.91381067e+01,
   2.84384104e+01, 2.98669618e+01, 3.08918800e+01, 3.21736556e+01,
   3.23546136e+01, 3.98592862e+01, 4.14713072e+01, 4.15054894e+01,
   5.00742858e+01, 5.05121013e+01, 5.19406526e+01, 5.60770193e+01,
   5.53406292e+01, 5.79066921e+01, 5.69501385e+01, 5.82686080e+01,
   5.94036080e+01, 5.94744842e+01, 6.26643438e+01, 6.22215051e+01,
  -1.79468042e+00,-1.76049816e+00,-7.50893538e-02, 1.31020714e+01,
   1.53011951e+01, 1.56656227e+01, 1.66538470e+01, 1.73118259e+01,
   1.82633563e+01, 2.81822929e+01, 2.94640685e+01, 3.02688232e+01,
   3.18074563e+01, 3.22452717e+01, 3.29032506e+01, 4.05546990e+01,
   4.05154934e+01, 4.29714746e+01, 4.97422687e+01, 4.94462057e+01,
   5.18287990e+01, 5.52679812e+01, 5.54122452e+01, 5.64371634e+01,
   5.70217545e+01, 5.76430395e+01, 6.03925721e+01, 6.09037754e+01,
   6.05710184e+01, 6.36507963e+01,-3.72184337e-01, 1.93702117e+00,
   2.74177582e+00, 2.55579454e+00, 4.35128511e+00, 5.22942761e+00,
   4.82328279e+00, 6.21514021e+00, 8.63442749e+00, 1.80763431e+01,
   1.76701982e+01, 1.90620557e+01, 2.14813429e+01, 2.15522191e+01,
   2.34210975e+01, 2.93846254e+01, 3.16938309e+01, 3.04804198e+01,
   3.57542981e+01, 3.76598704e+01, 3.65932350e+01, 4.34741109e+01,
   4.57466225e+01, 4.55239473e+01, 4.99538654e+01, 5.09053957e+01,
   5.17468443e+01, 5.46431525e+01, 5.34664353e+01, 5.47482110e+01,
   5.68005590e+01, 5.72383744e+01, 5.87770076e+01,-3.73956135e-01,
  -2.29692106e-01, 1.52910455e+00, 1.56328681e+00, 5.01000394e+00,
   5.26434974e+00, 5.15175630e+00, 6.91055296e+00, 6.83465344e+00,
   1.81846530e+01, 1.78152021e+01, 1.99409380e+01, 2.06356109e+01,
   2.08165689e+01, 2.17680992e+01, 2.95663232e+01, 3.07013232e+01,
   3.10657507e+01, 3.52021174e+01, 3.61536478e+01, 3.77656687e+01,
   4.43162993e+01, 4.56347689e+01, 4.55221755e+01, 5.07593599e+01,
   5.17475841e+01, 5.10845818e+01, 5.38708084e+01, 5.47122569e+01,
   5.61775022e+01, 5.61016027e+01, 5.67962756e+01, 5.92155628e+01,
   4.31538380e-01, 6.85884179e-01, 2.29790514e+00, 3.43290510e+00,
   4.49451721e+00, 4.67547516e+00, 6.50765967e+00, 7.38580216e+00,
   7.16312696e+00, 1.65316547e+01, 1.81436756e+01, 2.02694115e+01,
   1.98632667e+01, 2.15119816e+01, 2.19131031e+01, 2.93076940e+01,
   2.94886519e+01, 3.23849602e+01, 3.43196915e+01, 3.54546914e+01,
   3.83876936e+01, 4.47548546e+01, 4.48257308e+01, 4.56671794e+01,
   4.98769339e+01, 5.07183825e+01, 5.19634642e+01, 5.43093636e+01,
   5.39399127e+01, 5.43043403e+01, 5.68337094e+01, 5.82255668e+01,
   5.82964430e+01, 2.82990888e-01, 5.37336687e-01, 5.71518946e-01,
   7.30561919e+00, 1.00551518e+01, 9.64900695e+00, 1.31982709e+01,
   1.51038432e+01, 1.56517404e+01, 2.33398826e+01, 2.46216583e+01,
   2.57199643e+01, 3.02232702e+01, 3.10647188e+01, 3.16860038e+01,
   3.44280014e+01, 3.70307583e+01, 3.83125340e+01, 3.88237372e+01,
   3.90780830e+01, 4.08001858e+01, 4.43494497e+01, 4.58880828e+01,
   4.53351623e+01, 5.25095896e+01, 5.29107111e+01, 5.47428956e+01,
  -8.92986457e-01, 7.92422352e-01, 1.66113991e-01, 8.40466509e+00,
   8.29207165e+00, 1.08214407e+01, 1.37836018e+01, 1.48452139e+01,
   1.71911134e+01, 2.42921528e+01, 2.42896412e+01, 2.48008444e+01,
   2.85702719e+01, 3.01089050e+01, 3.04366386e+01, 3.58939866e+01,
   3.54511478e+01, 3.69530870e+01, 3.90054351e+01, 3.88561477e+01,
   3.93306570e+01, 4.34670237e+01, 4.49322690e+01, 4.47462877e+01,
   5.18473272e+01, 5.30557150e+01, 5.35669182e+01,-8.94758255e-01,
   3.87017397e-01, 1.15507812e+00, 7.81579052e+00, 9.86813856e+00,
   1.12599960e+01, 1.47358720e+01, 1.49535239e+01, 1.67857084e+01,
   2.32262573e+01, 2.48382782e+01, 2.46156030e+01, 2.88253576e+01,
   3.11345631e+01, 3.19393177e+01, 3.58555208e+01, 3.48622733e+01,
   3.66577638e+01, 3.76092942e+01, 3.77902521e+01, 3.85216189e+01,
   4.26579856e+01, 4.36829038e+01, 4.56985579e+01, 5.24326582e+01,
   5.40079852e+01, 5.50329034e+01, 1.30899800e-01,-5.50814811e-02,
   7.12979244e-01, 1.51773389e+00, 3.97371509e+00, 3.89781558e+00,
   5.50983654e+00, 5.32385526e+00, 5.87175245e+00, 1.41469975e+01,
   1.47682825e+01, 1.71141819e+01, 2.32978733e+01, 2.32586677e+01,
   2.47239130e+01, 2.78328498e+01, 3.02154432e+01, 3.08000343e+01,
   3.37988893e+01, 3.57411556e+01, 3.72797887e+01, 4.13060736e+01,
   4.04962957e+01, 4.35393796e+01, 4.31699287e+01, 4.56259099e+01,
   4.50729894e+01, 5.21006410e+01, 5.42630709e+01, 5.33065172e+01,
  -2.37811231e-01,-3.50404666e-01, 3.07574289e-01, 1.11232894e+00,
   3.45822837e+00, 5.07024933e+00, 5.61814651e+00, 4.99183815e+00,
   6.82402266e+00, 1.45121649e+01, 1.46564289e+01, 1.50575504e+01,
   2.21585899e+01, 2.36972230e+01, 2.36947113e+01, 2.80879355e+01,
   3.03604471e+01, 3.17523045e+01, 3.45309960e+01, 3.65099562e+01,
   3.63239749e+01, 4.08639748e+01, 4.06779935e+01, 4.18496874e+01,
   4.44891382e+01, 4.35325845e+01, 4.60252596e+01, 5.28694416e+01,
   5.40411355e+01, 5.54696869e+01,-9.28073364e-02, 5.65171619e-01,
  -2.44428189e-02, 2.79847761e+00, 2.83265987e+00, 2.53659682e+00,
   4.88249625e+00, 6.16427190e+00, 6.71216909e+00, 1.38499025e+01,
   1.59022505e+01, 1.63033720e+01, 2.14963275e+01, 2.32918181e+01,
   2.34727760e+01, 2.89668179e+01, 2.96614907e+01, 3.02827758e+01,
   3.33183247e+01, 3.53339789e+01, 3.71294694e+01, 3.98347731e+01,
   4.07129156e+01, 4.10773432e+01, 4.34966304e+01, 4.37876702e+01,
   4.54730790e+01, 5.27575881e+01, 5.37825063e+01, 5.54312211e+01,
  -3.51436598e-01,-7.94275343e-01, 5.97582079e-01, 1.33711097e+01,
   1.44694157e+01, 1.60080488e+01, 2.21550463e+01, 2.41707004e+01,
   2.37278617e+01, 2.86348007e+01, 2.88524526e+01, 3.15285974e+01,
   3.45274524e+01, 3.50019618e+01, 3.73111673e+01, 4.31646133e+01,
   4.37858984e+01, 4.47741226e+01, 5.20586317e+01, 5.26799168e+01,
   5.30443443e+01,-9.40311170e-01, 6.71709792e-01, 9.99443438e-01,
   1.29290108e+01, 1.36603776e+01, 1.63365223e+01, 2.20064988e+01,
   2.29213352e+01, 2.32857628e+01, 2.82660897e+01, 2.91809261e+01,
   3.13066620e+01, 3.33514751e+01, 3.42663115e+01, 3.50343722e+01,
   4.37132504e+01, 4.30502481e+01, 4.51759840e+01, 5.21669417e+01,
   5.26414510e+01, 5.44002477e+01,-2.26306421e+00,-3.57491859e-01,
  -2.97582137e-02, 1.20832788e+01, 1.44658721e+01, 1.52339328e+01,
   2.09039093e+01, 2.23691546e+01, 2.43481148e+01, 2.88881146e+01,
   2.95460936e+01, 2.87730095e+01, 3.52210934e+01, 3.47048668e+01,
   3.70874601e+01, 4.33812333e+01, 4.25714553e+01, 4.48806608e+01,
   5.09175765e+01, 5.23461279e+01, 5.33710460e+01,-2.70516309e+00,
  -2.49181887e-01, 7.39042378e-01, 1.64038549e+01, 1.76856306e+01,
   1.73161797e+01, 1.97354670e+01, 2.04668338e+01, 2.17119155e+01,
   2.86661793e+01, 2.84435041e+01, 2.85877681e+01, 3.25773591e+01,
   3.43361557e+01, 3.46638894e+01, 4.19850924e+01, 4.48080128e+01,
   4.42917862e+01, 5.19065406e+01, 5.24177439e+01, 5.40297649e+01,
  -2.04644426e+00,-2.87647609e-01, 3.39211313e-03, 1.60351439e+01,
   1.77205527e+01, 1.85986952e+01, 1.86695714e+01, 2.10521647e+01,
   2.09395713e+01, 2.75635898e+01, 2.96526317e+01, 2.98702836e+01,
   3.40800381e+01, 3.55452834e+01, 3.56895474e+01, 4.19833206e+01,
   4.30082388e+01, 4.42533205e+01, 5.05470937e+01, 5.16087058e+01,
   5.26703179e+01,-1.97482822e+00, 7.75198261e-02,-4.38706765e-01,
   1.67672506e+01, 1.68748207e+01, 1.74227179e+01, 1.94383720e+01,
   2.08302294e+01, 2.08277177e+01, 2.65343881e+01, 2.77427759e+01,
   2.99052057e+01, 3.40782663e+01, 3.40390608e+01, 3.50272850e+01,
   4.17980792e+01, 4.33367123e+01, 4.32241189e+01, 5.10590368e+01,
   5.32948545e+01, 5.43564666e+01]]                                                                                                                                                                                                                                                                                                                                                                                                                                                                                                                                                                                                                                                                                                                                                                                                                                                       
